3.371281385421753
3.2773873805999756
3.2248032093048096
3.125188112258911
3.0001630783081055
2.9512903690338135
3.020594835281372
2.9463701248168945
2.83439040184021
2.8724217414855957
2.890836000442505
2.8479771614074707
2.702909231185913
2.733405590057373
2.722505807876587
2.691274881362915
2.698150157928467
2.635331392288208
2.6034491062164307
2.585066556930542
2.686537265777588
2.659158229827881
2.5804452896118164
2.5264806747436523
2.4915804862976074
2.506488561630249
2.586860179901123
2.4928016662597656
2.471043586730957
2.4156033992767334
2.388512134552002
2.37160325050354
2.376439332962036
2.3842005729675293
2.3134548664093018
2.285881280899048
2.3097305297851562
2.2794127464294434
2.2706592082977295
2.311145305633545
2.124253273010254
2.2236814498901367
2.205263376235962
2.1438305377960205
2.1137514114379883
2.15858793258667
2.2638113498687744
2.1779396533966064
2.240748882293701
2.266322135925293
2.074124813079834
2.174987316131592
2.1677005290985107
2.053065538406372
2.0879428386688232
2.1138916015625
2.091036319732666
1.9837169647216797
1.9972084760665894
1.909266471862793
2.0670979022979736
2.0616836547851562
2.150261640548706
1.867964744567871
2.097919464111328
1.977271556854248
1.9189614057540894
2.034717321395874
1.9861772060394287
2.109066963195801
1.9114444255828857
1.9597824811935425
1.9861648082733154
1.8810871839523315
1.9535346031188965
1.9457484483718872
1.8217737674713135
1.8954198360443115
1.92637300491333
1.8423041105270386
1.966147541999817
1.8160244226455688
1.8633008003234863
1.7765860557556152
1.7830640077590942
1.8069868087768555
1.871410608291626
1.8430906534194946
1.7937288284301758
1.7453051805496216
1.7465400695800781
1.8814047574996948
1.6826879978179932
1.7605475187301636
1.7682380676269531
1.71869957447052
1.7392023801803589
1.613340973854065
1.6141992807388306
1.768438458442688
1.7632828950881958
1.622273325920105
1.6362861394882202
1.6241523027420044
1.574183464050293
1.5121396780014038
1.6580754518508911
1.5293951034545898
1.7383337020874023
1.6717658042907715
1.5814919471740723
1.7761934995651245
1.6254335641860962
1.5978021621704102
1.628711223602295
1.5217787027359009
1.5110708475112915
1.5665613412857056
1.6347911357879639
1.598649501800537
1.4267057180404663
1.496995210647583
1.5082882642745972
1.4517723321914673
1.6268646717071533
1.385916829109192
1.4423549175262451
1.369340181350708
1.4336960315704346
1.4443353414535522
1.4447177648544312
1.5028208494186401
1.5143629312515259
1.4545210599899292
1.2773277759552002
1.3722991943359375
1.671958565711975
1.3672196865081787
1.2343343496322632
1.324166178703308
1.3563312292099
1.4232521057128906
1.3305665254592896
1.2938998937606812
1.4414476156234741
1.1066913604736328
1.2442988157272339
1.3105876445770264
1.1681745052337646
1.13829505443573
1.2173409461975098
1.3677374124526978
1.4405930042266846
1.0355304479599
1.2508574724197388
1.1762336492538452
1.3359816074371338
0.9778024554252625
1.2749955654144287
1.0063804388046265
1.1996852159500122
1.2381912469863892
1.1687867641448975
1.1614842414855957
0.9744623899459839
1.1111435890197754
1.0786281824111938
1.2981537580490112
1.164022445678711
1.1870954036712646
0.9901662468910217
1.0380364656448364
1.2185829877853394
1.0496822595596313
1.0774327516555786
1.0543875694274902
1.1123054027557373
1.0264644622802734
1.0076498985290527
1.09629225730896
1.0793631076812744
0.9339678287506104
1.0805144309997559
1.1276259422302246
1.057910442352295
0.995016872882843
0.9748116135597229
0.986664891242981
0.9977853894233704
0.8997247219085693
0.8761144876480103
0.912011981010437
0.9166569113731384
0.8482595086097717
0.8570541739463806
0.9831200242042542
0.7414365410804749
1.1027284860610962
0.8664340972900391
0.9107981324195862
0.9076094031333923
0.7642268538475037
0.9127410650253296
0.8225469589233398
0.8426914811134338
0.7896044850349426
0.7462993860244751
0.8073698878288269
0.8076177835464478
0.8999931812286377
0.8175531029701233
0.8563908934593201
0.700229823589325
0.7204147577285767
0.7579213380813599
0.9796534776687622
0.7416214346885681
0.809358537197113
0.7356886267662048
0.6781201958656311
0.7701840400695801
0.7568182945251465
0.8281548023223877
0.6426125168800354
0.605498731136322
0.8347122073173523
0.6503337025642395
0.6159142851829529
0.6624951958656311
0.5707017779350281
0.6173174977302551
0.6646012663841248
0.6074877381324768
0.5751990675926208
0.7059107422828674
0.9466713666915894
0.5691454410552979
0.6503474712371826
0.48555392026901245
0.6421600580215454
0.5182532072067261
0.494764506816864
0.5236896872520447
0.6104164123535156
0.4760613739490509
0.4726543724536896
0.508407473564148
0.47181862592697144
0.6078585982322693
0.5668818354606628
0.5170624256134033
0.55936199426651
0.592105507850647
0.6320354342460632
0.45967352390289307
0.4673878252506256
0.46124133467674255
0.4050445854663849
0.4904747009277344
0.5958928465843201
0.5785624384880066
0.3975004553794861
0.46918198466300964
0.4328448474407196
0.6268857717514038
0.4804691970348358
0.42771267890930176
0.4511089324951172
0.3784293830394745
0.489939421415329
0.43193647265434265
0.3433830738067627
0.4260543882846832
0.47586995363235474
0.527081310749054
0.5766862034797668
0.46819186210632324
0.5187437534332275
0.3526102602481842
0.46637386083602905
0.4442175626754761
0.2976565957069397
0.4922983944416046
0.5102127194404602
0.31886908411979675
0.47196537256240845
0.4048764705657959
0.40407463908195496
0.4204855263233185
0.40083202719688416
0.4053240120410919
0.37087005376815796
0.37952920794487
0.37452808022499084
0.3673200309276581
0.3369569182395935
0.35247090458869934
0.3308694660663605
0.29790833592414856
0.31101036071777344
0.4390403628349304
0.37832754850387573
0.2823367714881897
0.3005811870098114
0.33520904183387756
0.3386867642402649
0.35051366686820984
0.3426094055175781
0.2993808388710022
0.3162022531032562
0.2458055317401886
0.2773774564266205
0.2532990574836731
0.3660334646701813
0.3158314526081085
0.4222642481327057
0.3325711786746979
0.3870398700237274
0.336168110370636
0.2817429006099701
0.43650519847869873
0.28167423605918884
0.2669837474822998
0.27650874853134155
0.2600366473197937
0.408271461725235
0.43946573138237
0.26544907689094543
0.196003720164299
0.345547080039978
0.3535297214984894
0.3033601939678192
0.2914910912513733
0.26537415385246277
0.4046027362346649
0.2492983490228653
0.26389697194099426
0.27260956168174744
0.23203851282596588
0.2719190716743469
0.2617315948009491
0.21521008014678955
0.2980349659919739
0.31137290596961975
0.29954394698143005
0.27985426783561707
0.22963471710681915
0.2710089087486267
0.27961990237236023
0.20975832641124725
0.32137826085090637
0.25274229049682617
0.2580074369907379
0.3540697991847992
0.2444348782300949
0.2719407379627228
0.2649748921394348
0.2379533350467682
0.22166158258914948
0.40968161821365356
0.19709089398384094
0.24729222059249878
0.22320303320884705
0.2786703109741211
0.19934581220149994
0.2364467978477478
0.2234266847372055
0.23298585414886475
0.19735367596149445
0.22122347354888916
0.22679229080677032
0.20045234262943268
0.21762043237686157
0.1927022486925125
0.21308869123458862
0.2999953329563141
0.21471180021762848
0.17412662506103516
0.19949601590633392
0.2883082926273346
0.22919516265392303
0.1920924186706543
0.24083173274993896
0.19378972053527832
0.24245262145996094
0.2380022406578064
0.18371014297008514
0.17111550271511078
0.23691914975643158
0.20412594079971313
0.20180845260620117
0.21666570007801056
0.19557267427444458
0.23546788096427917
0.23263874650001526
0.23968036472797394
0.1857883781194687
0.21649426221847534
0.21024790406227112
0.17348679900169373
0.20139376819133759
0.20645131170749664
0.18316824734210968
0.15501739084720612
0.17045073211193085
0.20892544090747833
0.19052502512931824
0.2232452630996704
0.18440574407577515
0.1848810315132141
0.1830889880657196
0.22903381288051605
0.22902071475982666
0.1960737556219101
0.19676925241947174
0.24272099137306213
0.20333963632583618
0.14518368244171143
0.2052430808544159
0.1749306321144104
0.2057696431875229
0.23307231068611145
0.16391709446907043
0.203659325838089
0.23379573225975037
0.17190021276474
0.17253325879573822
0.20940937101840973
0.19564726948738098
0.19081632792949677
0.1715046912431717
0.18002454936504364
0.16782909631729126
0.23768050968647003
0.16302943229675293
0.1979132741689682
0.184532031416893
0.14959241449832916
0.16775807738304138
0.155777707695961
0.18514029681682587
0.10724229365587234
0.15329790115356445
0.23422540724277496
0.19961081445217133
0.1540069431066513
0.17260950803756714
0.17311209440231323
0.16762036085128784
0.16375276446342468
0.17503884434700012
0.17051878571510315
0.15350136160850525
0.1530037522315979
0.1543453335762024
0.1578943431377411
0.14359115064144135
0.1283741593360901
0.16073772311210632
0.15188004076480865
0.13982146978378296
0.1795835644006729
0.16710759699344635
0.17135003209114075
0.17203079164028168
0.1525522917509079
0.14854995906352997
0.14004601538181305
0.15132533013820648
0.13398928940296173
0.1911981850862503
0.15631599724292755
0.17689040303230286
0.15436145663261414
0.16982463002204895
0.17291012406349182
0.17438246309757233
0.15766535699367523
0.1591549813747406
0.1338927000761032
0.14130529761314392
0.14734332263469696
0.16477589309215546
0.1502292901277542
0.13579100370407104
0.13775770366191864
0.1430918574333191
0.19795219600200653
0.12621991336345673
0.19140547513961792
0.13677610456943512
0.12590843439102173
0.1824924200773239
0.16850130259990692
0.11890306323766708
0.14672508835792542
0.15099874138832092
0.14997366070747375
0.13185438513755798
0.10260959714651108
0.14642828702926636
0.14245259761810303
0.15704834461212158
0.12364361435174942
0.16362474858760834
0.1349664181470871
0.12041831016540527
0.14353908598423004
0.1520616114139557
0.13343030214309692
0.15683288872241974
0.1864997297525406
0.1479877382516861
0.14465151727199554
0.14916299283504486
0.14335176348686218
0.13065160810947418
0.11880031228065491
0.1686081439256668
0.09644120186567307
0.16009363532066345
0.1488368958234787
0.13702991604804993
0.1443716436624527
0.10280585289001465
0.1547844260931015
0.12322442978620529
0.14316979050636292
0.1316346526145935
0.10970290750265121
0.13376927375793457
0.1560102254152298
0.13569024205207825
0.14614875614643097
0.17356052994728088
0.14125856757164001
0.1086389496922493
0.15020368993282318
0.09647691249847412
0.14018483459949493
0.1296772062778473
0.10571122169494629
0.14500363171100616
0.12993286550045013
0.12926580011844635
0.1457710564136505
0.18693992495536804
0.12162649631500244
0.1587810516357422
0.15387925505638123
0.13329331576824188
0.12819117307662964
0.12154265493154526
0.11951983720064163
0.12979832291603088
0.1495591104030609
0.13751523196697235
0.13596582412719727
0.1524706929922104
0.11533647030591965
0.11135895550251007
0.1383301019668579
0.13357529044151306
0.16465099155902863
0.1231120377779007
0.11678537726402283
0.14213469624519348
0.17030447721481323
0.12489820271730423
0.13412795960903168
0.1409587264060974
0.13523240387439728
0.14113980531692505
0.12619072198867798
0.12515433132648468
0.17568327486515045
0.1144990622997284
0.10634608566761017
0.15078282356262207
0.1387595683336258
0.1419936865568161
0.14354513585567474
0.13327626883983612
0.17771226167678833
0.1117897555232048
0.09284932911396027
0.13773585855960846
0.09348038583993912
0.1201457604765892
0.10932615399360657
0.13408519327640533
0.10088860243558884
0.1353021115064621
0.17057326436042786
0.11917877197265625
0.1920996457338333
0.12035594135522842
0.15508830547332764
0.1458243727684021
0.14332783222198486
0.17642229795455933
0.11083902418613434
0.12561336159706116
0.13214828073978424
0.1376139521598816
0.1266375482082367
0.12693218886852264
0.16143280267715454
0.13488048315048218
0.15448254346847534
0.1536453813314438
0.1307888776063919
0.13138283789157867
0.12416158616542816
0.13845041394233704
0.16202794015407562
0.1317422240972519
0.11319185793399811
0.12031867355108261
0.10994751751422882
0.15254616737365723
0.12012264132499695
0.1655476689338684
0.11682454496622086
0.14525599777698517
0.14505788683891296
0.11597305536270142
0.13379302620887756
0.14713048934936523
0.1282973736524582
0.1210332065820694
0.10631606727838516
0.09222842007875443
0.12104816734790802
0.14043393731117249
0.12339946627616882
0.14534050226211548
0.12165169417858124
0.12232451885938644
0.1112966537475586
0.13759201765060425
0.15758058428764343
0.10916269570589066
0.12426389753818512
0.15537616610527039
0.16397488117218018
0.15872153639793396
0.13685575127601624
0.1380070000886917
0.09275031089782715
0.12308815866708755
0.12536834180355072
0.11943648010492325
0.13050659000873566
0.12206980586051941
0.12216489017009735
0.13555604219436646
0.09989059716463089
0.0951320007443428
0.13024114072322845
0.1046321839094162
0.11536221206188202
0.14154690504074097
0.13506069779396057
0.15677161514759064
0.11102064698934555
0.12636427581310272
0.12172426283359528
0.12957440316677094
0.10726100206375122
0.13418595492839813
0.15836940705776215
0.09865308552980423
0.12644726037979126
0.12674705684185028
0.13937878608703613
0.13238073885440826
0.15065176784992218
0.13149642944335938
0.11420738697052002
0.12658646702766418
0.12944461405277252
0.12452559173107147
0.12301944196224213
0.10683296620845795
0.11268489062786102
0.15519793331623077
0.14858143031597137
0.11809638142585754
0.12581568956375122
0.1425449550151825
0.10958262532949448
0.10153346508741379
0.11133737862110138
0.12671290338039398
0.13331279158592224
0.1484859138727188
0.11027847975492477
0.14830952882766724
0.169307142496109
0.09923684597015381
0.1261923909187317
0.15196135640144348
0.11093023419380188
0.11225797235965729
0.11590270698070526
0.1293134242296219
0.1293259561061859
0.1140272319316864
0.1331210881471634
0.11096372455358505
0.12942177057266235
0.11323732882738113
0.09400714933872223
0.1374157816171646
0.13629138469696045
0.13122020661830902
0.12575432658195496
0.11668384075164795
0.1098071038722992
0.13397501409053802
0.12472311407327652
0.10368413478136063
0.11670294404029846
0.11991741508245468
0.11802519857883453
0.10340747982263565
0.11651895940303802
0.1533513069152832
0.10341808944940567
0.10715967416763306
0.11765816062688828
0.10601840913295746
0.1215062066912651
0.11970064043998718
0.12654128670692444
0.13137921690940857
0.13147065043449402
0.1360163539648056
0.09086089581251144
0.10827238857746124
0.13429543375968933
0.09368578344583511
0.10742280632257462
0.09480641037225723
0.14815200865268707
0.14712053537368774
0.12184706330299377
0.09425768256187439
0.12755124270915985
0.12912191450595856
0.12833595275878906
0.12205873429775238
0.10218770056962967
0.1174246221780777
0.135666623711586
0.09866124391555786
0.11374169588088989
0.09960456192493439
0.10399647057056427
0.12079089134931564
0.09757420420646667
0.11999564617872238
0.11023302376270294
0.13807784020900726
0.10120189189910889
0.12134012579917908
0.08274327218532562
0.10447846353054047
0.1151735708117485
0.15320801734924316
0.1233760342001915
0.10663039237260818
0.13088460266590118
0.10850609838962555
0.11041043698787689
0.10897565633058548
0.11827373504638672
0.1156490296125412
0.14126409590244293
0.11575469374656677
0.10408879816532135
0.09587781876325607
0.1437814086675644
0.12901122868061066
0.094800665974617
0.09708762913942337
0.11206052452325821
0.1139518991112709
0.11162592470645905
0.1213984414935112
0.13830462098121643
0.13710562884807587
0.12725748121738434
0.13632594048976898
0.11077368259429932
0.13099020719528198
0.11805924028158188
0.08087094128131866
0.11021548509597778
0.12850549817085266
0.08078362792730331
0.11389758437871933
0.0916232094168663
0.1303209513425827
0.13497672975063324
0.10448843240737915
0.10829725861549377
0.10047733038663864
0.10068684816360474
0.11048175394535065
0.10308517515659332
0.1204451248049736
0.13632863759994507
0.12553925812244415
0.11342795938253403
0.14999765157699585
0.1108487993478775
0.13225992023944855
0.14428892731666565
0.11023729294538498
0.10756216198205948
0.10870632529258728
0.10049489140510559
0.10931761562824249
0.12539301812648773
0.10605913400650024
0.0987517386674881
0.08253093808889389
0.11595311760902405
0.10712242871522903
0.1117238849401474
0.11883969604969025
0.09314348548650742
0.12433469295501709
0.11397679150104523
0.12443515658378601
0.08544707298278809
0.10089345276355743
0.13224126398563385
0.08893264830112457
0.09437167644500732
0.11379357427358627
0.11687706410884857
0.1118592917919159
0.10408613085746765
0.0974612832069397
0.102515310049057
0.10862673074007034
0.14593006670475006
0.10237085074186325
0.09850849211215973
0.13809603452682495
0.13993620872497559
0.11146365851163864
0.10372715443372726
0.09814363718032837
0.08857887238264084
0.1141350269317627
0.1058114767074585
0.11217168718576431
0.13012370467185974
0.10807735472917557
0.11072704195976257
0.10987938940525055
0.1332101821899414
0.10302091389894485
0.09150929749011993
0.14180955290794373
0.1326335370540619
0.11941494792699814
0.11244670301675797
0.12161461263895035
0.13099254667758942
0.12186331301927567
0.16055071353912354
0.11526286602020264
0.07779847085475922
0.1253480762243271
0.09748978167772293
0.10488326102495193
0.13094589114189148
0.1046849861741066
0.1367470920085907
0.11447330564260483
0.0907473936676979
0.11570043861865997
0.105364128947258
0.11200150847434998
0.13253429532051086
0.07521404325962067
0.10091929882764816
0.11747825890779495
0.12139562517404556
0.11263737082481384
0.09075557440519333
0.11356491595506668
0.08990361541509628
0.1214073896408081
0.1014806479215622
0.11227743327617645
0.06876234710216522
0.10092727839946747
0.09477855265140533
0.08864530920982361
0.08086498826742172
0.12206628918647766
0.11385781317949295
0.11813941597938538
0.12166078388690948
0.10054934769868851
0.12012534588575363
0.13120870292186737
0.1030842512845993
0.09951289743185043
0.08528724312782288
0.10892806947231293
0.10825709998607635
0.11674083769321442
0.10643866658210754
0.10016732662916183
0.10335443168878555
0.1282593309879303
0.10734038800001144
0.10974537581205368
0.09649968147277832
0.10046536475419998
0.11388594657182693
0.10864223539829254
0.086307093501091
0.10972294956445694
0.13203249871730804
0.10256868600845337
0.11552897095680237
0.09843859076499939
0.12438976019620895
0.08384453505277634
0.07899515330791473
0.12160110473632812
0.08422110229730606
0.11573823541402817
0.09924115985631943
0.10957470536231995
0.09621741622686386
0.11593955755233765
0.11315823346376419
0.11428051441907883
0.11377843469381332
0.12536944448947906
0.09914380311965942
0.09863977879285812
0.09465852379798889
0.10406968742609024
0.10446936637163162
0.11743336170911789
0.09675109386444092
0.09409728646278381
0.09372344613075256
0.11059540510177612
0.1167854368686676
0.10651133209466934
0.11991719901561737
0.11045072227716446
0.13179227709770203
0.09199770539999008
0.08506328612565994
0.10781177878379822
0.10029099136590958
0.08871585875749588
0.12579277157783508
0.12194525450468063
0.1048564463853836
0.08410083502531052
0.09846457839012146
0.12921081483364105
0.07832752913236618
0.11836174875497818
0.12561753392219543
0.11991648375988007
0.12420870363712311
0.09972324222326279
0.10029610991477966
0.12245311588048935
0.11417442560195923
0.12290861457586288
0.10715240240097046
0.1342010200023651
0.10157845914363861
0.0987703949213028
0.11256358027458191
0.11237388104200363
0.09169302135705948
0.11572150886058807
0.08906074613332748
0.11410289257764816
0.12659800052642822
0.11297613382339478
0.1265854388475418
0.10052549839019775
0.08031635731458664
0.1201169341802597
0.1376376897096634
0.09118732064962387
0.11337237060070038
0.11685498058795929
0.09035087376832962
0.11610747873783112
0.09779179841279984
0.10295040905475616
0.105979785323143
0.08252023160457611
0.11426892131567001
0.09389042109251022
0.1112542673945427
0.09663672745227814
0.08120137453079224
0.1116347461938858
0.12078014761209488
0.09416918456554413
0.08818068355321884
0.11193341016769409
0.0763622596859932
0.10617832094430923
0.12701158225536346
0.1015954539179802
0.07075095176696777
0.0695267990231514
0.08769789338111877
0.09799186885356903
0.11528949439525604
0.08995528519153595
0.09862059354782104
0.1154276430606842
0.10810308158397675
0.07642163336277008
0.09445586800575256
0.11627727746963501
0.10396638512611389
0.10372482240200043
0.11189290136098862
0.08664993941783905
0.09586305916309357
0.08917158097028732
0.11521252244710922
0.1066240593791008
0.1015084981918335
0.12756341695785522
0.09407760202884674
0.09042273461818695
0.07340063154697418
0.10988397896289825
0.10955497622489929
0.10067080706357956
0.09097062051296234
0.11602698266506195
0.09663165360689163
0.09158187359571457
0.14415951073169708
0.13534000515937805
0.09805267304182053
0.09639675170183182
0.10421209037303925
0.09680353850126266
0.10896966606378555
0.10261331498622894
0.12330523133277893
0.10778255760669708
0.09847337007522583
0.09788492321968079
0.09695234894752502
0.13952603936195374
0.13435828685760498
0.07578343152999878
0.13810114562511444
0.1028691828250885
0.10046909004449844
0.109999880194664
0.1446140557527542
0.08037310093641281
0.12905815243721008
0.11276395618915558
0.10188137739896774
0.08388833701610565
0.11078532040119171
0.09103336930274963
0.10319489985704422
0.11773622781038284
0.09116990119218826
0.10007119178771973
0.08809974044561386
0.11892081797122955
0.11134720593690872
0.08911119401454926
0.11602088063955307
0.09547661989927292
0.07788968831300735
0.13886381685733795
0.1329488456249237
0.12208878993988037
0.09471762180328369
0.09954070299863815
0.1141112893819809
0.11611615866422653
0.11097736656665802
0.08397719264030457
0.12449327111244202
0.0924970880150795
0.10414671152830124
0.08297792077064514
0.07388889789581299
0.11450649797916412
0.08866941183805466
0.10626877099275589
0.12471120059490204
0.1353311687707901
0.08205588907003403
0.11514168232679367
0.09802442789077759
0.0743374451994896
0.09882079064846039
0.09455586969852448
0.10616997629404068
0.09545307606458664
0.10650560259819031
0.0888296365737915
0.11422056704759598
0.10458310693502426
0.13035963475704193
0.09479152411222458
0.08996632695198059
0.11136531084775925
0.10189425945281982
0.09092596173286438
0.11941313743591309
0.09020018577575684
0.10366666316986084
0.11820966005325317
0.0876518189907074
0.11119333654642105
0.11327674984931946
0.09564477205276489
0.0968339741230011
0.1169956848025322
0.09537996351718903
0.09349677711725235
0.09838239848613739
0.08286035805940628
0.103701651096344
0.0944691076874733
0.08432485908269882
0.09813549369573593
0.11811323463916779
0.120816171169281
0.12843619287014008
0.1258077621459961
0.09758294373750687
0.09747844934463501
0.08959612250328064
0.11425122618675232
0.09041742980480194
0.09081298112869263
0.13065429031848907
0.10295207798480988
0.1083327978849411
0.10159730166196823
0.10526850819587708
0.09684150665998459
0.09836937487125397
0.12415637820959091
0.08260204643011093
0.10829544812440872
0.09876054525375366
0.0994231179356575
0.10504626482725143
0.07238220423460007
0.11208108812570572
0.111305370926857
0.10114175826311111
0.08011920750141144
0.10947057604789734
0.09456829726696014
0.08073140680789948
0.08715937286615372
0.12185469269752502
0.09911999851465225
0.10141003876924515
0.0655963346362114
0.11396284401416779
0.09784039855003357
0.10564884543418884
0.07751569151878357
0.07757730036973953
0.0909159705042839
0.11893535405397415
0.14377087354660034
0.09422780573368073
0.10915891826152802
0.09179350733757019
0.09082789719104767
0.09149166941642761
0.08363975584506989
0.09180784225463867
0.12388618290424347
0.08177269995212555
0.12315058708190918
0.10733792930841446
0.07199956476688385
0.10307808220386505
0.10211090743541718
0.08470938354730606
0.07987423986196518
0.0865086168050766
0.08673643320798874
0.10311488807201385
0.1387409269809723
0.09788554161787033
0.1062699630856514
0.09915114939212799
0.1002650111913681
0.1007809042930603
0.09636416286230087
0.0832003727555275
0.08167967945337296
0.11418508738279343
0.11521860212087631
0.11383555829524994
0.10818663239479065
0.12516798079013824
0.07955309003591537
0.1198246106505394
0.09030777961015701
0.15713514387607574
0.09979545325040817
0.10659141838550568
0.09905751794576645
0.09445445239543915
0.08516734838485718
0.09400603175163269
0.07390893250703812
0.10976416617631912
0.12866991758346558
0.09324024617671967
0.09301552921533585
0.10228762775659561
0.07927637547254562
0.07927828282117844
0.1261192113161087
0.10337690263986588
0.07732343673706055
0.11720775067806244
0.138685941696167
0.10625916719436646
0.0929456576704979
0.08650004863739014
0.10844890773296356
0.08906153589487076
0.11940348893404007
0.10462215542793274
0.10347172617912292
0.0901564434170723
0.10847142338752747
0.10380453616380692
0.10126388072967529
0.108819879591465
0.07435813546180725
0.09858431667089462
0.11380104720592499
0.09369117766618729
0.07179703563451767
0.12585946917533875
0.07002536207437515
0.09719016402959824
0.10652012377977371
0.10209018737077713
0.1133871078491211
0.11633286625146866
0.11427910625934601
0.08133269846439362
0.10830385982990265
0.0723096951842308
0.10961495339870453
0.10403557866811752
0.0891713798046112
0.09276934713125229
0.12764909863471985
0.13524962961673737
0.08170032501220703
0.09206234663724899
0.09013844281435013
0.14725527167320251
0.13371218740940094
0.14000776410102844
0.11972346901893616
0.08540047705173492
0.12257590889930725
0.11542383581399918
0.08580908179283142
0.10646708309650421
0.08158136904239655
0.12820462882518768
0.1136612817645073
0.08221539109945297
0.08138150721788406
0.0886252298951149
0.09310023486614227
0.09280132502317429
0.11893483251333237
0.09568103402853012
0.10831055045127869
0.1079459935426712
0.10796280205249786
0.11628402769565582
0.0978751853108406
0.09318336844444275
0.08591058850288391
0.10353333503007889
0.09529540687799454
0.11624303460121155
0.0964190810918808
0.07719166576862335
0.11697488278150558
0.09308649599552155
0.12342626601457596
0.11227297782897949
0.11405085772275925
0.09886729717254639
0.1087164655327797
0.12268196791410446
0.07545789331197739
0.11392311006784439
0.10614089667797089
0.15481901168823242
0.1074562594294548
0.11251042038202286
0.1579934060573578
0.12318754941225052
0.10881586372852325
0.1252214014530182
0.11897437274456024
0.0895819365978241
0.1305694878101349
0.15408670902252197
0.12046580761671066
0.1481153964996338
0.11439010500907898
0.11782471835613251
0.10257704555988312
0.12023089826107025
0.11120662838220596
0.1293882131576538
0.125334694981575
0.1178145632147789
0.09980712085962296
0.11506523191928864
0.10999501496553421
0.07901012152433395
0.1297428458929062
0.1414165049791336
0.11480866372585297
0.1038198247551918
0.13349494338035583
0.10341190546751022
0.10343239456415176
0.11846228688955307
0.13384006917476654
0.10239780694246292
0.10799534618854523
0.11444717645645142
0.12585851550102234
0.11463555693626404
0.11061185598373413
0.1014375388622284
0.13662490248680115
0.09388581663370132
0.1148042306303978
0.12033279985189438
0.09548931568861008
0.0922469049692154
0.10637524724006653
0.11643034219741821
0.10664540529251099
0.1342531144618988
0.11476714164018631
0.07884809374809265
0.1206606775522232
0.10785896331071854
0.13137882947921753
0.12324641644954681
0.12991106510162354
0.12323039770126343
0.13968870043754578
0.1085442453622818
0.11327660083770752
0.0939183458685875
0.10336373001337051
0.1144866868853569
0.11780054867267609
0.12475255131721497
0.1318996697664261
0.11592593044042587
0.08950231969356537
0.11370246112346649
0.1116843968629837
0.09958423674106598
0.12061336636543274
0.09760254621505737
0.10989522933959961
0.08922029286623001
0.11561492830514908
0.11006723344326019
0.09653843939304352
0.10789034515619278
0.11174818873405457
0.17031240463256836
0.11497476696968079
0.11912946403026581
0.10499746352434158
0.11051823943853378
0.11349789798259735
0.11714539676904678
0.10635463893413544
0.12138719111680984
0.11877880990505219
0.08567970991134644
0.08680543303489685
0.11257516592741013
0.09675782918930054
0.09763593226671219
0.1030256524682045
0.09784489870071411
0.11820178478956223
0.09099756926298141
0.12321436405181885
0.10283684730529785
0.10688318312168121
0.07433129101991653
0.09354538470506668
0.10015898942947388
0.10456032305955887
0.11554396152496338
0.08331114053726196
0.0860530361533165
0.101363904774189
0.10767515748739243
0.11142559349536896
0.11105537414550781
0.08677172660827637
0.12093520164489746
0.11000894010066986
0.07309751957654953
0.11665382981300354
0.08487468212842941
0.09966857731342316
0.10105091333389282
0.10336443036794662
0.09777739644050598
0.11995570361614227
0.14147956669330597
0.11502952128648758
0.11206846684217453
0.10182233899831772
0.13375213742256165
0.12772351503372192
0.12962046265602112
0.1124027743935585
0.1322852075099945
0.11756773293018341
0.11514053493738174
0.14955253899097443
0.11351104080677032
0.11577554047107697
0.08527708053588867
0.07932056486606598
0.09701673686504364
0.09165921062231064
0.11679865419864655
0.11933527886867523
0.08642412722110748
0.12034109234809875
0.11802246421575546
0.10112303495407104
0.07515662908554077
0.09443293511867523
0.09169554710388184
0.08937157690525055
0.08857430517673492
0.09265178442001343
0.12213894724845886
0.11195555329322815
0.13814671337604523
0.11064828187227249
0.10618693381547928
0.1289159655570984
0.10804112255573273
0.10906051844358444
0.05584855377674103
0.10394170880317688
0.09153023362159729
0.13615384697914124
0.11913131177425385
0.10683871805667877
0.10924533754587173
0.13457536697387695
0.11260809004306793
0.1051756739616394
0.1070898100733757
0.1045616865158081
0.09768807142972946
0.11320862174034119
0.10880979895591736
0.10129232704639435
0.09840364754199982
0.1068626418709755
0.12182912975549698
0.0930996835231781
0.07742753624916077
0.11108088493347168
0.10960698127746582
0.11579043418169022
0.10415884852409363
0.09413984417915344
0.08851607143878937
0.09789935499429703
0.10407600551843643
0.07717245072126389
0.08773469924926758
0.08914501965045929
0.10007016360759735
0.10536140203475952
0.10260466486215591
0.0960817039012909
0.07748156785964966
0.1083093136548996
0.10854735970497131
0.09816939383745193
0.0775504782795906
0.0959257185459137
0.09725332260131836
0.10617505759000778
0.09618071466684341
0.08278369158506393
0.07982497662305832
0.08637727797031403
0.09558413177728653
0.09534915536642075
0.11301188170909882
0.08083514869213104
0.10894547402858734
0.10334083437919617
0.08658462017774582
0.09467433393001556
0.10314829647541046
0.09755835682153702
0.0736982449889183
0.08846583217382431
0.0981723889708519
0.07199706137180328
0.09163855016231537
0.11217454820871353
0.10288391262292862
0.08298564702272415
0.1008610874414444
0.10887227207422256
0.10274793952703476
0.09724272787570953
0.09821341931819916
0.117733433842659
0.08754308521747589
0.08885607868432999
0.0962417870759964
0.10175387561321259
0.10107959061861038
0.09593024104833603
0.11330319195985794
0.08611436188220978
0.08081720769405365
0.08690162748098373
0.08086685836315155
0.10359202325344086
0.11334662139415741
0.1068686991930008
0.08334389328956604
0.10140760242938995
0.092471644282341
0.11479058116674423
0.087168388068676
0.11480425298213959
0.12033170461654663
0.07511449605226517
0.09959881007671356
0.09497035294771194
0.10494495928287506
0.12943550944328308
0.09116251766681671
0.091765858232975
0.08334731310606003
0.09372879564762115
0.10839434713125229
0.10312385857105255
0.10475365817546844
0.12555211782455444
0.089254230260849
0.0958164781332016
0.08544687181711197
0.10010142624378204
0.10011976212263107
0.1217699646949768
0.11084684729576111
0.0992288887500763
0.11133356392383575
0.1568397730588913
0.09541400521993637
0.08218909054994583
0.10835836827754974
0.10612127184867859
0.13084301352500916
0.11682780086994171
0.09949995577335358
0.12723863124847412
0.07753069698810577
0.10272907465696335
0.1040891632437706
0.10499869287014008
0.08155752718448639
0.101341113448143
0.1115129366517067
0.10691964626312256
0.10350844264030457
0.11375080794095993
0.11882944405078888
0.12438274174928665
0.07935258746147156
0.07048231363296509
0.0960429310798645
0.06514529138803482
0.10110881924629211
0.10164712369441986
0.0903952345252037
0.10618755966424942
0.10584735125303268
0.10059503465890884
0.09346576035022736
0.08852357417345047
0.1075134128332138
0.08290430158376694
0.07222940027713776
0.07326819747686386
0.10444419831037521
0.0939529687166214
0.08396211266517639
0.12845440208911896
0.09104666113853455
0.1045263484120369
0.09533704072237015
0.10238367319107056
0.10796467214822769
0.11606594175100327
0.08835431933403015
0.11251117289066315
0.09765584021806717
0.06185850873589516
0.10580538213253021
0.06892894953489304
0.08603733777999878
0.09369738399982452
0.078006312251091
0.08797992765903473
0.09969495236873627
0.08396255224943161
0.09237458556890488
0.12005625665187836
0.10432890802621841
0.10535717010498047
0.07656640559434891
0.11798948049545288
0.09525948017835617
0.09083612263202667
0.07858090847730637
0.08234268426895142
0.07944750785827637
0.09559120982885361
0.09582246840000153
0.08898928761482239
0.09347367286682129
0.09993918240070343
0.12508624792099
0.11715768277645111
0.07447755336761475
0.1089654266834259
0.07984328269958496
0.09785676747560501
0.08694301545619965
0.12194858491420746
0.08953072875738144
0.09863791614770889
0.07899756729602814
0.08577343076467514
0.10719052702188492
0.09998218715190887
0.08989174664020538
0.10127924382686615
0.11330246180295944
0.10703910142183304
0.10334355384111404
0.10879727452993393
0.07454836368560791
0.09572349488735199
0.11332548409700394
0.10434284061193466
0.09898720681667328
0.10773613303899765
0.09625997394323349
0.08754171431064606
0.09534074366092682
0.08574278652667999
0.11194615811109543
0.10937383025884628
0.0871504619717598
0.12048719823360443
0.08447849005460739
0.08383611589670181
0.08771377801895142
0.08076514303684235
0.0847928375005722
0.10821966081857681
0.10551019757986069
0.08560474216938019
0.10924877226352692
0.10532029718160629
0.07961936295032501
0.10066590458154678
0.09669855237007141
0.11967193335294724
0.079208604991436
0.08091763406991959
0.10482744127511978
0.09094894677400589
0.1060638502240181
0.11860121041536331
0.10782934725284576
0.10942336916923523
0.09458097070455551
0.109982930123806
0.11447402834892273
0.10973292589187622
0.12152247130870819
0.0906284973025322
0.09879928827285767
0.10808423161506653
0.09570468962192535
0.08611290156841278
0.0994049608707428
0.09700485318899155
0.1263236403465271
0.09122997522354126
0.093437559902668
0.11181946843862534
0.11606153100728989
0.0932333916425705
0.08120836317539215
0.08287595957517624
0.1117013692855835
0.08937910199165344
0.111690953373909
0.08683228492736816
0.09802298992872238
0.11615723371505737
0.09591956436634064
0.10931535810232162
0.09667319804430008
0.05578814446926117
0.12031544744968414
0.08049638569355011
0.08776835352182388
0.09869828820228577
0.10609456151723862
0.09987311065196991
0.08668392151594162
0.08989302814006805
0.09652732312679291
0.10261411219835281
0.08710917830467224
0.07952111214399338
0.10756488889455795
0.08385709673166275
0.07446162402629852
0.10815927386283875
0.09639308601617813
0.10610060393810272
0.10863694548606873
0.08828171342611313
0.09597794711589813
0.10852088034152985
0.09942488372325897
0.08871404826641083
0.1259341984987259
0.09292598068714142
0.08322419226169586
0.10147762298583984
0.09345507621765137
0.08588734269142151
0.09308537095785141
0.09412716329097748
0.1182013526558876
0.10431563854217529
0.10079971700906754
0.07807046920061111
0.1007804125547409
0.10687045007944107
0.09561175853013992
0.10275528579950333
0.11094047129154205
0.07645631581544876
0.07510237395763397
0.10307517647743225
0.1017223671078682
0.09984207153320312
0.08514012396335602
0.1007232591509819
0.09435667097568512
0.10272279381752014
0.1065250039100647
0.09816109389066696
0.09450326859951019
0.08992719650268555
0.08511808514595032
0.11768005788326263
0.09582776576280594
0.10345528274774551
0.0990566834807396
0.09751181304454803
0.11705049872398376
0.129561185836792
0.09273704886436462
0.10168512165546417
0.11674501746892929
0.11925336718559265
0.09792724996805191
0.07685067504644394
0.11708281189203262
0.10452194511890411
0.09883946180343628
0.10517116636037827
0.09919458627700806
0.08733081817626953
0.07988376170396805
0.08340027183294296
0.09987732023000717
0.08802696317434311
0.07995085418224335
0.09415105730295181
0.09672074019908905
0.08332949876785278
0.11022067070007324
0.08420325815677643
0.10977839678525925
0.12804174423217773
0.09636561572551727
0.0749482735991478
0.11428675055503845
0.08296032249927521
0.09405352175235748
0.09865078330039978
0.06870633363723755
0.0802382230758667
0.090873122215271
0.09424024820327759
0.09864559024572372
0.10851102322340012
0.127754807472229
0.09107597172260284
0.08096137642860413
0.08718480169773102
0.09780126065015793
0.0654524713754654
0.11066201329231262
0.10239384323358536
0.11452759802341461
0.12348896265029907
0.0954713299870491
0.07711386680603027
0.09865458309650421
0.13638253509998322
0.09770664572715759
0.10656359791755676
0.09633822739124298
0.10715648531913757
0.08843514323234558
0.08177772164344788
0.08848334848880768
0.08816230297088623
0.09289944171905518
0.07317885011434555
0.09593582898378372
0.1017933040857315
0.12399883568286896
0.09376706182956696
0.10201101750135422
0.09339658915996552
0.110749751329422
0.10389818251132965
0.08656060695648193
0.08900164067745209
0.09571629762649536
0.11245831847190857
0.06367181986570358
0.10987456142902374
0.11917702853679657
0.10235032439231873
0.10997723042964935
0.10837855935096741
0.10773886740207672
0.10789579898118973
0.10954207181930542
0.10202375054359436
0.08379760384559631
0.10341129451990128
0.09299332648515701
0.07401793450117111
0.07798102498054504
0.11145009100437164
0.11304091662168503
0.08817945420742035
0.10450074821710587
0.11222115904092789
0.09219097346067429
0.10066686570644379
0.08640763908624649
0.09682107716798782
0.10338323563337326
0.08354558050632477
0.09553659707307816
0.09078394621610641
0.08514212816953659
0.09678750485181808
0.07987473160028458
0.0923989787697792
0.10486002266407013
0.09075738489627838
0.1022927463054657
0.09816233068704605
0.09739847481250763
0.1214323416352272
0.12247378379106522
0.12386796623468399
0.0845952257514
0.1017707958817482
0.0813659280538559
0.11088171601295471
0.10681459307670593
0.09151074290275574
0.09414707124233246
0.1048843264579773
0.09899047762155533
0.09223058074712753
0.08282418549060822
0.12575794756412506
0.10153493285179138
0.11840374767780304
0.08688919991254807
0.12130513787269592
0.11450666934251785
0.09001966565847397
0.06499147415161133
0.09986814111471176
0.10637544095516205
0.08699489384889603
0.08158218860626221
0.10588327795267105
0.09914702922105789
0.10116451978683472
0.0882560983300209
0.15799491107463837
0.09298582375049591
0.09024672210216522
0.10753407329320908
0.08044059574604034
0.09163569658994675
0.12315702438354492
0.10932110249996185
0.11388672143220901
0.09593942761421204
0.11459065973758698
0.10592200607061386
0.09914697706699371
0.09672962874174118
0.08173371851444244
0.10779092460870743
0.08458980172872543
0.10496141016483307
0.08861338347196579
0.08774441480636597
0.07419044524431229
0.10940950363874435
0.09787401556968689
0.10310114920139313
0.09332471340894699
0.09838804602622986
0.10471479594707489
0.07610657811164856
0.0901968851685524
0.09202511608600616
0.09218983352184296
0.09938391298055649
0.07274188846349716
0.08727538585662842
0.09094735234975815
0.09757241606712341
0.10703574120998383
0.07888410985469818
0.08939353376626968
0.1368768960237503
0.1128263995051384
0.1063077449798584
0.07838302850723267
0.09288410097360611
0.09555231779813766
0.11044246703386307
0.09346815943717957
0.09828220307826996
0.09054727852344513
0.08219339698553085
0.08317122608423233
0.0732799768447876
0.09370280802249908
0.0857306718826294
0.08994098752737045
0.09827344119548798
0.10887988656759262
0.08538693189620972
0.09256990253925323
0.09176348149776459
0.10772757977247238
0.09758838266134262
0.0990815982222557
0.09735997766256332
0.10294830799102783
0.09772319346666336
0.09877080470323563
0.09138163179159164
0.11359357833862305
0.08662426471710205
0.07241139560937881
0.09844322502613068
0.10910065472126007
0.09336496144533157
0.08867400139570236
0.10082237422466278
0.09255314618349075
0.07423465698957443
0.1027202159166336
0.10513501614332199
0.11584701389074326
0.09916222840547562
0.08016296476125717
0.07767608761787415
0.08636321127414703
0.0810442864894867
0.10352110117673874
0.09431798756122589
0.12235591560602188
0.12132569402456284
0.06822045892477036
0.10033927112817764
0.0904574990272522
0.10546601563692093
0.07899895310401917
0.11420144140720367
0.10640979558229446
0.08502111583948135
0.0843932032585144
0.0672079399228096
0.10308106243610382
0.12151330709457397
0.08332711458206177
0.0871131643652916
0.09808740764856339
0.13545964658260345
0.10339975357055664
0.09995239228010178
0.11843730509281158
0.11759356409311295
0.12031976878643036
0.16517147421836853
0.0832691490650177
0.1097811684012413
0.09867742657661438
0.11521073430776596
0.08239568024873734
0.09617940336465836
0.11542658507823944
0.11716224253177643
0.0980820581316948
0.10314702987670898
0.0953330546617508
0.08015872538089752
0.11281029134988785
0.12865976989269257
0.2051554173231125
0.12288185954093933
0.13354294002056122
0.09673643857240677
0.1170133426785469
0.1435716599225998
0.09927171468734741
0.11666195094585419
0.12442038953304291
0.13258472084999084
0.08840207755565643
0.10355904698371887
0.10148674994707108
0.1733075976371765
0.11613636463880539
0.1221071407198906
0.10695113986730576
0.1556835174560547
0.11589144915342331
0.11193159967660904
0.12652504444122314
0.11517584323883057
0.125807523727417
0.12613418698310852
0.11589399725198746
0.1273094117641449
0.10062867403030396
0.08559632301330566
0.1007523238658905
0.13483335077762604
0.09624744206666946
0.10301132500171661
0.0928865373134613
0.09781788289546967
0.09051306545734406
0.09319503605365753
0.13710917532444
0.1180531233549118
0.09041711688041687
0.0850462093949318
0.10845859348773956
0.10320624709129333
0.10440356284379959
0.10078094899654388
0.10303808748722076
0.08423732221126556
0.11446591466665268
0.10563202947378159
0.0759337916970253
0.10605794191360474
0.08161269873380661
0.10872301459312439
0.10205157846212387
0.1040937528014183
0.07376810163259506
0.13989031314849854
0.09037747234106064
0.11587196588516235
0.09645035117864609
0.11886292695999146
0.07317263633012772
0.05756090581417084
0.0792144313454628
0.12045620381832123
0.12616656720638275
0.09656806290149689
0.10116414725780487
0.10438760370016098
0.1013687327504158
0.09154338389635086
0.08772779256105423
0.1331167370080948
0.10904566943645477
0.11239248514175415
0.091403529047966
0.10060347616672516
0.09988828748464584
0.12398266792297363
0.09428921341896057
0.10014040768146515
0.11875199526548386
0.0978514775633812
0.07932833582162857
0.12189754843711853
0.0903821587562561
0.1256435364484787
0.10277470201253891
0.09987428039312363
0.10074163973331451
0.08519985526800156
0.1083105206489563
0.09520431607961655
0.11043359339237213
0.11000552773475647
0.09781559556722641
0.09655981510877609
0.11132191121578217
0.11652451753616333
0.12102137506008148
0.09412992000579834
0.11204390972852707
0.09846771508455276
0.11451121419668198
0.08845758438110352
0.11331895738840103
0.10022848844528198
0.09752494096755981
0.08969569206237793
0.0990992933511734
0.11319020390510559
0.10252073407173157
0.0751044750213623
0.11674101650714874
0.07169988751411438
0.08985160291194916
0.13064466416835785
0.08127754181623459
0.09893154352903366
0.10020536929368973
0.11046122014522552
0.09079921245574951
0.10457924753427505
0.10009824484586716
0.1048438772559166
0.0945798009634018
0.11392486095428467
0.09648770838975906
0.12124662101268768
0.08900368958711624
0.11330721527338028
0.08371469378471375
0.11040352284908295
0.10854270309209824
0.09214324504137039
0.10850834846496582
0.08258938044309616
0.08530727028846741
0.09268620610237122
0.08521504700183868
0.1013261154294014
0.10346195846796036
0.10839279741048813
0.11067602038383484
0.08996814489364624
0.0979907289147377
0.08848166465759277
0.10849767178297043
0.09113407880067825
0.07271758466959
0.10097374022006989
0.13163317739963531
0.08543464541435242
0.09928353875875473
0.08290154486894608
0.1029641330242157
0.08400048315525055
0.10668249428272247
0.1044495701789856
0.11125868558883667
0.08285664021968842
0.07457687705755234
0.10179176926612854
0.13147053122520447
0.10847371071577072
0.106212317943573
0.11037855595350266
0.10455428063869476
0.08770620822906494
0.10331171005964279
0.057333461940288544
0.07265916466712952
0.10518136620521545
0.08035162836313248
0.07816314697265625
0.08743873238563538
0.1112927719950676
0.10156187415122986
0.08232356607913971
0.10562127828598022
0.10385787487030029
0.09932106733322144
0.10234616696834564
0.09416886419057846
0.12651437520980835
0.0683206096291542
0.11188836395740509
0.11146469414234161
0.11584767699241638
0.1059785783290863
0.07962826639413834
0.10707945376634598
0.08382949978113174
0.10270337760448456
0.09737380594015121
0.10220110416412354
0.09854547679424286
0.09160125255584717
0.07987962663173676
0.09416163712739944
0.06733974069356918
0.11692031472921371
0.121187724173069
0.10049401968717575
0.09007351100444794
0.09091675281524658
0.06867236644029617
0.07451801747083664
0.09980573505163193
0.07937821745872498
0.10634024441242218
0.08502097427845001
0.09761478006839752
0.10218258202075958
0.08322099596261978
0.10587216168642044
0.08813789486885071
0.1000058576464653
0.08098293095827103
0.10919225960969925
0.08708302676677704
0.10077307373285294
0.10528291761875153
0.1148076206445694
0.09659544378519058
0.09881731122732162
0.09408117085695267
0.12082558870315552
0.09909638017416
0.07753118872642517
0.1086648628115654
0.10369773954153061
0.11235150694847107
0.08429613709449768
0.1372753530740738
0.09690028429031372
0.09586899727582932
0.11766301095485687
0.08193258196115494
0.0891788899898529
0.09252823889255524
0.1050577387213707
0.0864671990275383
0.07842226326465607
0.10607621818780899
0.1169714480638504
0.09132413566112518
0.09068991243839264
0.08452797681093216
0.08398523926734924
0.07085929811000824
0.07956903427839279
0.08798163384199142
0.07133891433477402
0.07529262453317642
0.09330745041370392
0.09579779207706451
0.1027413010597229
0.07757599651813507
0.07450590282678604
0.11518298834562302
0.10791528224945068
0.09908884018659592
0.08414500951766968
0.08274894952774048
0.08774413168430328
0.1068943440914154
0.10139346867799759
0.09913409501314163
0.10844209790229797
0.092709019780159
0.08770497143268585
0.08749847859144211
0.09430193156003952
0.09139660745859146
0.08681692183017731
0.09739086031913757
0.10659573972225189
0.10795215517282486
0.09187863022089005
0.1043970137834549
0.08516411483287811
0.07644516974687576
0.09996330738067627
0.07799320667982101
0.1106981635093689
0.121285080909729
0.10541798174381256
0.09871607273817062
0.10414304584264755
0.11449437588453293
0.08990558981895447
0.08407425880432129
0.08773121982812881
0.08363234996795654
0.11360318958759308
0.10501452535390854
0.09376126527786255
0.0653182715177536
0.12086576968431473
0.09949114918708801
0.09188459068536758
0.09035473316907883
0.09481257945299149
0.09804178774356842
0.07006063312292099
0.10983084887266159
0.10066594183444977
0.1095932349562645
0.08798197656869888
0.12112563848495483
0.10964305698871613
0.08812522888183594
0.0956384539604187
0.10334036499261856
0.09736242890357971
0.09243601560592651
0.08942695707082748
0.07239881902933121
0.08761335909366608
0.09730219841003418
0.10546840727329254
0.10285487771034241
0.08268356323242188
0.08866402506828308
0.09389347583055496
0.09732356667518616
0.11128489673137665
0.08823461830615997
0.08711668848991394
0.10606437176465988
0.1066291332244873
0.09799642115831375
0.08326011151075363
0.08064752072095871
0.08722025156021118
0.10691539943218231
0.09273495525121689
0.07926005125045776
0.11747149378061295
0.08190275728702545
0.07715152949094772
0.09479450434446335
0.09990780055522919
0.10468154400587082
0.09193644672632217
0.08717896789312363
0.08830320835113525
0.08359154313802719
0.10776001960039139
0.1011492908000946
0.08470388501882553
0.08073720335960388
0.09380386769771576
0.06255429983139038
0.07921953499317169
0.09235614538192749
0.08046092092990875
0.0837048664689064
0.10608013719320297
0.09720201790332794
0.08934380859136581
0.09217065572738647
0.07183050364255905
0.07071270048618317
0.11791907250881195
0.1334383487701416
0.08366135507822037
0.09238593280315399
0.08924803137779236
0.07307332009077072
0.0869695246219635
0.09408123046159744
0.11233799904584885
0.09384075552225113
0.07620343565940857
0.07719382643699646
0.09232354909181595
0.10183729976415634
0.10475611686706543
0.08657562732696533
0.09278017282485962
0.09868775308132172
0.08378693461418152
0.10163798183202744
0.08220042288303375
0.1087975949048996
0.08291233330965042
0.09880602359771729
0.10343585908412933
0.09940646588802338
0.07318994402885437
0.09836434572935104
0.10269976407289505
0.08710279315710068
0.11065403372049332
0.09290958940982819
0.10459674894809723
0.07393904775381088
0.10446099936962128
0.09664031118154526
0.10019534826278687
0.09631196409463882
0.09754392504692078
0.10291019082069397
0.09284033626317978
0.08480965346097946
0.08372555673122406
0.09280336648225784
0.12791353464126587
0.09635031968355179
0.1065925732254982
0.09790818393230438
0.09667186439037323
0.10509868711233139
0.09350226074457169
0.09887231886386871
0.10055507719516754
0.08403186500072479
0.08912437409162521
0.10432781279087067
0.11080141365528107
0.07837903499603271
0.09492510557174683
0.09925071895122528
0.09599637985229492
0.11016465723514557
0.08162982761859894
0.0997704416513443
0.08921931684017181
0.0968567505478859
0.11077205091714859
0.08548499643802643
0.10731544345617294
0.10831932723522186
0.09817579388618469
0.09425631910562515
0.10657917708158493
0.07558228075504303
0.09022891521453857
0.10462071001529694
0.09104889631271362
0.0975123718380928
0.10323471575975418
0.1211000606417656
0.10132832080125809
0.10414528846740723
0.10453306138515472
0.09955071657896042
0.08558423072099686
0.07778816670179367
0.07809466123580933
0.11550204455852509
0.0985875129699707
0.10419147461652756
0.07823985815048218
0.09893061965703964
0.08732707798480988
0.08382363617420197
0.06012864410877228
0.12300191819667816
0.09640742838382721
0.1230834424495697
0.08551394939422607
0.10537310689687729
0.08765874058008194
0.0992167666554451
0.11099670827388763
0.07241992652416229
0.08615471422672272
0.06758730113506317
0.07388471066951752
0.09037572145462036
0.09972808510065079
0.10749629884958267
0.11088427901268005
0.08572378009557724
0.08135838806629181
0.09716161340475082
0.07022838294506073
0.0945582166314125
0.10837524384260178
0.08231769502162933
0.10213278234004974
0.1070513054728508
0.09579086303710938
0.08726159483194351
0.08680834621191025
0.1011400893330574
0.09633275866508484
0.09554319083690643
0.08256807923316956
0.1034887358546257
0.08470422029495239
0.10433461517095566
0.0910639539361
0.08861493319272995
0.10676134377717972
0.08811506628990173
0.08370150625705719
0.09751854091882706
0.08451273292303085
0.08934076130390167
0.09111516177654266
0.08516208827495575
0.1000298410654068
0.09863343834877014
0.0940086618065834
0.09218436479568481
0.09731587022542953
0.09378422796726227
0.10083888471126556
0.08746091276407242
0.09861527383327484
0.0864359438419342
0.08464531600475311
0.10577166825532913
0.11014144867658615
0.06810389459133148
0.08803541213274002
0.13201552629470825
0.11726699024438858
0.09155786037445068
0.09462843090295792
0.10407236963510513
0.11387797445058823
0.09930479526519775
0.09992227703332901
0.08912786096334457
0.09998026490211487
0.09906844049692154
0.09405606985092163
0.09831016510725021
0.08264448493719101
0.09937942028045654
0.08401764929294586
0.10875079035758972
0.10770877450704575
0.10269442200660706
0.0893978476524353
0.09923360496759415
0.11213704943656921
0.09338510036468506
0.09473180770874023
0.11869101226329803
0.09474239498376846
0.09315427392721176
0.08206489682197571
0.08005136251449585
0.08739743381738663
0.06918896734714508
0.08549706637859344
0.11352996528148651
0.13520269095897675
0.10608796775341034
0.10215305536985397
0.06801824271678925
0.10413611680269241
0.08852756768465042
0.08709248155355453
0.09650982171297073
0.09925158321857452
0.0848236158490181
0.0948982983827591
0.10300759971141815
0.07571375370025635
0.10404366254806519
0.09107324481010437
0.09566611796617508
0.10363487154245377
0.10416688024997711
0.09089586138725281
0.08834698051214218
0.11852773278951645
0.08805737644433975
0.09760890156030655
0.09334248304367065
0.08858487010002136
0.1270274668931961
0.08869148045778275
0.10713169723749161
0.09593091160058975
0.08269602060317993
0.11491747200489044
0.08753110468387604
0.07418479025363922
0.10539370030164719
0.09778152406215668
0.08124656230211258
0.10444547981023788
0.08651842921972275
0.10772731900215149
0.10089455544948578
0.09253479540348053
0.08927271515130997
0.09290757775306702
0.0941445529460907
0.09578915685415268
0.0868481770157814
0.09490282833576202
0.08828972280025482
0.10903851687908173
0.06870956718921661
0.10058210045099258
0.10733959823846817
0.10391580313444138
0.11667082458734512
0.09446075558662415
0.1022382527589798
0.08660310506820679
0.11204804480075836
0.08443855494260788
0.0957934558391571
0.11413496732711792
0.0921613946557045
0.08703473955392838
0.09716007113456726
0.09470770508050919
0.11368803679943085
0.10408230125904083
0.08508918434381485
0.08109894394874573
0.06973952054977417
0.0743684321641922
0.08732520043849945
0.09632529318332672
0.10003798454999924
0.08531858026981354
0.08031627535820007
0.07615390419960022
0.07550231367349625
0.0821070522069931
0.09730469435453415
0.08690512180328369
0.08721167594194412
0.10627114027738571
0.07930506765842438
0.09680454432964325
0.10441074520349503
0.08510570228099823
0.08862404525279999
0.08354775607585907
0.09985371679067612
0.08805698156356812
0.08135420083999634
0.08359230309724808
0.07052897661924362
0.09120570868253708
0.07865642011165619
0.08112914860248566
0.10650995373725891
0.09219611436128616
0.08362733572721481
0.09862843155860901
0.0711076632142067
0.09935085475444794
0.08552056550979614
0.1012098640203476
0.07817666232585907
0.11134244501590729
0.0849393755197525
0.09952283650636673
0.08002259582281113
0.0891098827123642
0.10906001180410385
0.08166086673736572
0.10703104734420776
0.09324751049280167
0.09892566502094269
0.09917739778757095
0.09905855357646942
0.10576710104942322
0.09050807356834412
0.07191003113985062
0.08116503059864044
0.09700658172369003
0.08585920929908752
0.10480464994907379
0.08259816467761993
0.08887460082769394
0.07306673377752304
0.10653940588235855
0.10558074712753296
0.10999172180891037
0.09715171158313751
0.08740323781967163
0.07903870195150375
0.09957951307296753
0.08800244331359863
0.09996422380208969
0.09378272294998169
0.10327205061912537
0.08783958107233047
0.1039847582578659
0.09278367459774017
0.09652195870876312
0.08832653611898422
0.07955580949783325
0.09588376432657242
0.11058936268091202
0.09538727253675461
0.10055747628211975
0.08022651076316833
0.0939788967370987
0.07643809914588928
0.10522738844156265
0.07925339043140411
0.07455647736787796
0.09687186777591705
0.08750241994857788
0.09718325734138489
0.10806093364953995
0.10481011867523193
0.08661706000566483
0.09588433802127838
0.08656035363674164
0.1029229611158371
0.09804297238588333
0.09216617047786713
0.12465647608041763
0.08498504012823105
0.09432883560657501
0.09570475667715073
0.10669976472854614
0.09706173837184906
0.10728486627340317
0.06653983145952225
0.10484489053487778
0.10416430979967117
0.08187991380691528
0.08473789691925049
0.08254382759332657
0.10070659220218658
0.08041337132453918
0.1066446304321289
0.10662347078323364
0.10033063590526581
0.08305999636650085
0.05368981137871742
0.11247439682483673
0.0748768076300621
0.10149072110652924
0.08518455922603607
0.08017433434724808
0.08801714330911636
0.0842256098985672
0.10140737891197205
0.09497086703777313
0.11106840521097183
0.09393126517534256
0.10406871140003204
0.09549623727798462
0.09060098230838776
0.09440638870000839
0.10958310216665268
0.10417088866233826
0.07345545291900635
0.08877720683813095
0.08464476466178894
0.07936657965183258
0.09480058401823044
0.11833028495311737
0.09683398902416229
0.07427771389484406
0.0912809744477272
0.07753841578960419
0.0884193554520607
0.09232344478368759
0.08888041973114014
0.10965454578399658
0.08041378110647202
0.0889931246638298
0.07770279794931412
0.10991499572992325
0.08833234757184982
0.0882987305521965
0.10610195249319077
0.09219413995742798
0.08994518965482712
0.09864455461502075
0.10493845492601395
0.08748237788677216
0.08911465108394623
0.13268841803073883
0.084725022315979
0.09101599454879761
0.1015164703130722
0.10179668664932251
0.08553224802017212
0.08239270746707916
0.1058146059513092
0.08013005554676056
0.08930889517068863
0.09914876520633698
0.0842289850115776
0.09709937125444412
0.10082151740789413
0.08238779008388519
0.09436802566051483
0.09415839612483978
0.09556447714567184
0.09277411550283432
0.07214346528053284
0.08133206516504288
0.09700842201709747
0.10992759466171265
0.10955779999494553
0.09043992310762405
0.08986362814903259
0.08410491049289703
0.10154473036527634
0.08195073157548904
0.11074744910001755
0.09323976188898087
0.10209605097770691
0.06581900268793106
0.058413900434970856
0.125946506857872
0.12230712920427322
0.08588716387748718
0.11187755316495895
0.10992846637964249
0.08874180912971497
0.08417490869760513
0.0870043933391571
0.09826238453388214
0.08328551054000854
0.08724993467330933
0.07958735525608063
0.09361056238412857
0.07930170744657516
0.08718626201152802
0.09778926521539688
0.1082799881696701
0.09840051084756851
0.08568882942199707
0.10152994096279144
0.09573577344417572
0.10108080506324768
0.09921114146709442
0.08898386359214783
0.0852726623415947
0.09725984185934067
0.08971505612134933
0.0936761423945427
0.10414663702249527
0.09693406522274017
0.08703788369894028
0.07488337904214859
0.08362007141113281
0.08401858806610107
0.09192439168691635
0.09254887700080872
0.10305999219417572
0.09459669142961502
0.07407484948635101
0.07669620215892792
0.09195703268051147
0.0790538340806961
0.09271304309368134
0.07621382921934128
0.08827389776706696
0.08883286267518997
0.09667462110519409
0.10595196485519409
0.10001759976148605
0.11256256699562073
0.09319490939378738
0.08176781237125397
0.0860338807106018
0.08922506123781204
0.1223641186952591
0.08501078933477402
0.10400184988975525
0.09901346266269684
0.07009495794773102
0.0853235051035881
0.09173361957073212
0.11281301081180573
0.10819029808044434
0.10168224573135376
0.100746288895607
0.09654292464256287
0.08254636079072952
0.08234816789627075
0.09208188205957413
0.10003523528575897
0.08683733642101288
0.09057780355215073
0.09146763384342194
0.07871950417757034
0.06588611006736755
0.09504489600658417
0.10260158032178879
0.10596385598182678
0.10042496770620346
0.11441836506128311
0.09866785258054733
0.08965209126472473
0.08044953644275665
0.11388368904590607
0.11653254926204681
0.08451157063245773
