3.3276092767715455
2.1913430452346803
1.7391265094280244
1.2323143422603606
0.828957810997963
0.49762468636035917
0.3744739666581154
0.30284258127212527
0.26733034029603003
0.25234368443489075
0.2198919989168644
0.2236122027039528
0.2301381051540375
0.23019910454750062
0.21859399750828742
0.21073470786213874
0.19987970292568208
0.2156055264174938
0.20411111265420914
0.19893406555056573
0.200428356975317
0.22973335683345794
0.19920104146003723
0.18956332430243492
0.19259688556194304
0.19882937520742416
0.191554044932127
0.2014387659728527
0.18296961411833762
0.19151002243161203
0.18304911106824875
0.1917904235422611
0.1875506065785885
0.20023636817932128
0.17725946456193925
0.17752740308642387
0.18301568552851677
0.1782758928835392
0.17554415836930276
0.17901565581560136
0.18917674869298934
0.18375902399420738
0.17305097803473474
0.18562552109360694
0.18140346929430962
0.18838886618614198
0.1919384554028511
0.18972164541482925
0.200021643191576
0.18248311653733254
0.1847363106906414
0.1905001923441887
0.18587058857083322
0.17322366684675217
0.18083364218473436
0.19113887548446656
0.1839635007083416
0.18314527943730355
0.17781874313950538
0.18716590851545334
